0  1  1  1  1  1  1  1  1  1  1  1  1  1  1  1  1  1  1  1  1  1  1  1  1  nan  
0.005  0.99999938314982  0.999997532600422  0.99999444835523  0.999990130419951  0.999984578802577  0.999977793513381  0.999969774564919  0.999960521972031  0.999950035751838  0.999938315923747  0.999925362509446  0.999911175532905  0.999895755020378  0.9998791010004  0.999861213503793  0.999842092563655  0.999821738215372  0.99980015049661  0.999777329447318  0.999753275109726  0.999727987528348  0.999701466749979  0.999673712823697  0.999644725800861  0.49999981030582  
0.01  0.999997532600422  0.999990130419951  0.999977793513381  0.999960521972031  0.999938315923747  0.999911175532905  0.9998791010004  0.999842092563655  0.99980015049661  0.999753275109726  0.999701466749979  0.999644725800861  0.999583052682369  0.999516447851012  0.999444911799799  0.999368445058239  0.999287048192336  0.999200721804582  0.999109466533956  0.999013283055915  0.998912172082392  0.998806134361787  0.998695170678963  0.998579281855237  0.499999241223566  
0.015  0.99999444835523  0.999977793513381  0.999950035751838  0.999911175532905  0.999861213503793  0.99980015049661  0.999727987528348  0.999644725800861  0.999550366700841  0.999444911799799  0.99932836285403  0.999200721804582  0.999061990777221  0.998912172082392  0.998751268215174  0.998579281855237  0.998396215866788  0.998202073298523  0.997996857383567  0.997780571539416  0.997553219367874  0.997314804654982  0.997065331370957  0.996804803670109  0.499998292754103  
0.02  0.999990130419951  0.999960521972031  0.999911175532905  0.999842092563655  0.999753275109726  0.999644725800861  0.999516447851012  0.999368445058239  0.999200721804582  0.999013283055915  0.998806134361787  0.998579281855237  0.99833273225259  0.998066492853243  0.997780571539416  0.9974749767759  0.997149717609773  0.996804803670109  0.996440245167652  0.996056052894491  0.995652238223695  0.995228813108945  0.994785790084138  0.994323182262978  0.49999696489887  
0.025  0.999984578802577  0.999938315923747  0.999861213503793  0.999753275109726  0.99961450573511  0.999444911799799  0.999244501149609  0.999013283055915  0.998751268215174  0.998458468748376  0.99813489820042  0.997780571539416  0.997395505155921  0.996979716862091  0.996533225890768  0.996056052894491  0.995548219944435  0.995009750529276  0.994440669553984  0.993841003338541  0.993210779616592  0.992550027534017  0.991858777647433  0.991137061922627  0.499995257659883  
0.03  0.999977793513381  0.999911175532905  0.99980015049661  0.999644725800861  0.999444911799799  0.999200721804582  0.998912172082392  0.998579281855237  0.998202073298523  0.997780571539416  0.997314804654982  0.996804803670109  0.996250602555205  0.995652238223695  0.995009750529276  0.994323182262978  0.993592579149991  0.992817989846281  0.991999465934993  0.991137061922627  0.990230835235013  0.989280846213052  0.988287158108257  0.98724983707807  0.499993171039731  
0.035  0.999969774564919  0.9998791010004  0.999727987528348  0.999516447851012  0.999244501149609  0.998912172082392  0.998519490782164  0.998066492853243  0.997553219367874  0.996979716862091  0.996346037331032  0.995652238223695  0.994898382437157  0.994084538310233  0.993210779616592  0.992277185557329  0.991283840752982  0.990230835235013  0.989118264436733  0.987946229183698  0.986714835683545  0.9854241955153  0.984074425618139  0.98266564827961  0.499990705041581  
0.04  0.999960521972031  0.999842092563655  0.999644725800861  0.999368445058239  0.999013283055915  0.998579281855237  0.998066492853243  0.9974749767759  0.996804803670109  0.996056052894491  0.995228813108945  0.994323182262978  0.993339267582824  0.992277185557329  0.991137061922627  0.9899190316456  0.988623238906117  0.98724983707807  0.985798988709194  0.984270865499683  0.98266564827961  0.980983526985135  0.979224700633524  0.977389377296975  0.499987859669176  
0.045  0.999950035751838  0.99980015049661  0.999550366700841  0.999200721804582  0.998751268215174  0.998202073298523  0.997553219367874  0.996804803670109  0.995956938369549  0.995009750529276  0.993963382089972  0.992817989846281  0.991573745420703  0.990230835235013  0.98878946047922  0.98724983707807  0.985612195655094  0.983876781494207  0.982043854498881  0.980113689148869  0.978086574454518  0.975962813908656  0.973742725436083  0.971426641340649  0.499984634926834  
0.05  0.999938315923747  0.999753275109726  0.999444911799799  0.999013283055915  0.998458468748376  0.997780571539416  0.996979716862091  0.996056052894491  0.995009750529276  0.993841003338541  0.992550027534017  0.991137061922627  0.98960236785739  0.987946229183698  0.986168952180967  0.984270865499683  0.982252320093852  0.980113689148869  0.977855368004823  0.975477774075249  0.97298134676136  0.970366547361754  0.967633858977634  0.964783786413561  0.499981030819449  
0.055  0.999925362509446  0.999701466749979  0.99932836285403  0.998806134361787  0.99813489820042  0.997314804654982  0.996346037331032  0.995228813108945  0.993963382089972  0.992550027534017  0.990989065789177  0.989280846213052  0.987425751085849  0.9854241955153  0.98327662733342  0.980983526985135  0.978545407408801  0.975962813908656  0.973236324019231  0.970366547361754  0.967354125492594  0.964199731743771  0.960904071055589  0.957467879801418  0.499977047352489  
0.06  0.999911175532905  0.999644725800861  0.999200721804582  0.998579281855237  0.997780571539416  0.996804803670109  0.995652238223695  0.994323182262978  0.992817989846281  0.991137061922627  0.989280846213052  0.98724983707807  0.985044575371346  0.98266564827961  0.98011368914887  0.977389377296975  0.974493437812594  0.971426641340649  0.968189803854305  0.964783786413561  0.961209494910516  0.957467879801418  0.953559935825538  0.949486701710993  0.499972684532  
0.065  0.999895755020378  0.999583052682369  0.999061990777221  0.99833273225259  0.997395505155921  0.996250602555205  0.994898382437157  0.993339267582824  0.991573745420703  0.98960236785739  0.987425751085849  0.985044575371346  0.982459584815153  0.979671587096079  0.976681453189951  0.973490117067122  0.970098575368136  0.966507887057654  0.96271917305678  0.95873361585391  0.954552459094246  0.95017700714814  0.945608624658407  0.940848736066779  0.499967942364602  
0.07  0.9998791010004  0.999516447851012  0.998912172082392  0.998066492853243  0.996979716862091  0.995652238223695  0.994084538310233  0.992277185557329  0.990230835235013  0.987946229183698  0.9854241955153  0.98266564827961  0.979671587096079  0.976443096751158  0.97298134676136  0.969287590902253  0.965363166703546  0.961209494910516  0.956828078911987  0.952220504135098  0.947388437407133  0.942333626284669  0.937057898350326  0.931563160477431  0.499962820857493  
0.075  0.999861213503793  0.999444911799799  0.998751268215174  0.997780571539416  0.996533225890768  0.995009750529276  0.993210779616592  0.991137061922627  0.98878946047922  0.986168952180967  0.98327662733342  0.98011368914887  0.976681453189951  0.97298134676136  0.969014908249952  0.964783786413561  0.96028973961888  0.95553463502877  0.950520447739393  0.945249259867589  0.93972325958894  0.933944740126988  0.927916098694097  0.921639835384468  0.499957320018444  
0.08  0.999842092563655  0.999368445058239  0.998579281855237  0.9974749767759  0.996056052894491  0.994323182262978  0.992277185557329  0.9899190316456  0.98724983707807  0.984270865499683  0.980983526985135  0.977389377296975  0.973490117067122  0.969287590902253  0.964783786413561  0.959980833171411  0.954881001585481  0.949486701710993  0.943800481981712  0.937825027870394  0.931563160477431  0.92501783504848  0.91819213942188  0.911089292406722  0.499951439855802  
0.085  0.999821738215372  0.999287048192336  0.998396215866788  0.997149717609773  0.995548219944435  0.993592579149991  0.991283840752982  0.988623238906117  0.985612195655094  0.982252320093852  0.978545407408801  0.974493437812594  0.970098575368136  0.965363166703546  0.96028973961888  0.954881001585481  0.949139838138893  0.943069311166343  0.936672657089858  0.92995328494614  0.922914774364417  0.915560873443509  0.907895496529443  0.899922721894995  0.499945180378492  
0.09  0.99980015049661  0.999200721804582  0.998202073298523  0.996804803670109  0.995009750529276  0.992817989846281  0.990230835235013  0.98724983707807  0.983876781494207  0.98011368914887  0.975962813908656  0.971426641340649  0.966507887057654  0.961209494910516  0.95553463502877  0.949486701710993  0.943069311166343  0.936286299108851  0.929141718206158  0.921639835384468  0.913785128991616  0.905582285820216  0.897036197992983  0.888151959712392  0.499938541596012  
0.095  0.999777329447318  0.999109466533956  0.997996857383567  0.996440245167652  0.994440669553984  0.991999465934993  0.989118264436733  0.985798988709194  0.982043854498881  0.977855368004823  0.973236324019231  0.968189803854305  0.96271917305678  0.956828078911987  0.950520447739393  0.943800481981712  0.936672657089858  0.929141718206158  0.921212676648432  0.912890806197641  0.904181639192026  0.895090962430755  0.885624812890283  0.87578947325674  0.499931523518436  
0.1  0.999753275109726  0.999013283055915  0.997780571539416  0.996056052894491  0.993841003338541  0.991137061922627  0.987946229183698  0.984270865499683  0.98011368914887  0.975477774075249  0.970366547361754  0.964783786413561  0.95873361585391  0.952220504135098  0.945249259867589  0.937825027870394  0.92995328494614  0.921639835384468  0.912890806197641  0.903712642092466  0.894112100182878  0.884096244447728  0.873672439938573  0.862848346742445  0.499924126156415  
0.105  0.999727987528348  0.998912172082392  0.997553219367874  0.995652238223695  0.993210779616592  0.990230835235013  0.986714835683545  0.98266564827961  0.978086574454518  0.97298134676136  0.967354125492594  0.961209494910516  0.954552459094246  0.947388437407133  0.93972325958894  0.931563160477431  0.922914774364417  0.913785128991616  0.904181639192026  0.894112100182878  0.883584680516529  0.872607914696003  0.861190695462191  0.849342265760049  0.499916349521174  
0.11  0.999701466749979  0.998806134361787  0.997314804654982  0.995228813108945  0.992550027534017  0.989280846213052  0.9854241955153  0.980983526985135  0.975962813908656  0.970366547361754  0.964199731743771  0.957467879801418  0.95017700714814  0.942333626284669  0.933944740126988  0.92501783504848  0.915560873443509  0.905582285820216  0.895090962430755  0.884096244447728  0.872607914696003  0.860636187949599  0.848191700803741  0.835285501132653  0.499908193624515  
0.115  0.999673712823697  0.998695170678963  0.997065331370957  0.994785790084138  0.991858777647433  0.988287158108257  0.984074425618139  0.979224700633524  0.973742725436083  0.967633858977634  0.960904071055589  0.953559935825538  0.945608624658407  0.937057898350326  0.927916098694097  0.91819213942188  0.907895496529443  0.897036197992983  0.885624812890283  0.873672439938573  0.861190695462191  0.848191700803741  0.834688069193098  0.820692892089228  0.499899658478814  
0.12  0.999644725800861  0.998579281855237  0.996804803670109  0.994323182262978  0.991137061922627  0.98724983707807  0.98266564827961  0.977389377296975  0.971426641340649  0.964783786413561  0.957467879801418  0.949486701710993  0.940848736066779  0.931563160477431  0.921639835384468  0.911089292406722  0.899922721894995  0.888151959712392  0.87578947325674  0.862848346742445  0.849342265760049  0.835285501132653  0.820692892089228  0.805579828775686  0.499890744097023  
0.125  0.99961450573511  0.998458468748376  0.996533225890768  0.993841003338541  0.990384913732906  0.986168952180967  0.98119799112332  0.975477774075249  0.969014908249952  0.961816856073743  0.953891925604689  0.945249259867589  0.935898825119677  0.925851398062881  0.915118552019859  0.903712642092466  0.891646789322622  0.878934863876954  0.865591467277843  0.851631913704808  0.837072210391414  0.821929037144081  0.80621972501036  0.789962234125382  0.49988145049267  
0.13  0.999583052682369  0.99833273225259  0.996250602555205  0.993339267582824  0.98960236785739  0.985044575371346  0.979671587096079  0.973490117067122  0.966507887057654  0.95873361585391  0.95017700714814  0.940848736066779  0.930760434353472  0.919924674228558  0.908354950948553  0.896065664091041  0.883072097592262  0.86939039856647  0.855037554937928  0.840031371918113  0.824390447362376  0.808134146041941  0.791282572868667  0.773856545111546  0.499871777679857  
0.135  0.999550366700841  0.998202073298523  0.995956938369549  0.992817989846281  0.98878946047922  0.983876781494207  0.978086574454518  0.971426641340649  0.963905952863422  0.95553463502877  0.946323953975355  0.936286299108851  0.925435164559435  0.913785128991616  0.901351833798161  0.888151959712392  0.874203201875591  0.859524243398706  0.844134727459871  0.828055227981559  0.811307218933413  0.793913042308912  0.775895874826134  0.757279693404839  0.499861725673264  
0.14  0.999516447851012  0.998066492853243  0.995652238223695  0.992277185557329  0.987946229183698  0.98266564827961  0.976443096751158  0.969287590902253  0.961209494910516  0.952220504135098  0.942333626284669  0.931563160477431  0.919924674228558  0.907434978403986  0.894112100182878  0.879975254074482  0.865044811038344  0.849342265760049  0.832890202137766  0.815712257037864  0.797833082380789  0.779278305621175  0.760074488688857  0.740249085460027  0.499851294488144  
0.145  0.999481296195649  0.997925991920241  0.995336507191217  0.991716870721842  0.98707271295636  0.981411256336925  0.974741302819965  0.967073218664644  0.958418916521027  0.948791834850455  0.938206914715474  0.926680573981418  0.914230678976455  0.900876513661484  0.886638746365798  0.871539394148801  0.855601784852393  0.838850516912762  0.821311417004401  0.803011495593044  0.78397890047799  0.764242868407889  0.743833674857524  0.72278258205641  0.499840484140326  
0.15  0.999444911799799  0.997780571539416  0.995009750529276  0.991137061922627  0.986168952180967  0.980113689148869  0.97298134676136  0.964783786413561  0.95553463502877  0.945249259867589  0.933944740126988  0.921639835384468  0.908354950948553  0.894112100182878  0.878934863876954  0.862848346742445  0.845879131119306  0.828055227981559  0.80940602533765  0.789962234125382  0.769755831706214  0.748820003068337  0.727189079852328  0.704898477317337  0.499829294646214  
0.155  0.999407294730793  0.997630232787071  0.994671973678519  0.990537776318875  0.985234988637435  0.97877303306533  0.971163387926704  0.962419564773355  0.952557081709865  0.941593432764527  0.929548053369548  0.916442282022122  0.902299318205791  0.88714417665931  0.871003638087747  0.853906196417889  0.835882002707184  0.816962805822301  0.79718189001007  0.776574009489944  0.755175320203215  0.733023308860066  0.710156719431046  0.686615477234772  0.499817726022789  
0.16  0.999368445058239  0.9974749767759  0.994323182262978  0.9899190316456  0.984270865499683  0.977389377296975  0.969287590902253  0.959980833171411  0.949486701710993  0.937825027870394  0.92501783504848  0.911089292406722  0.896065664091041  0.879975254074482  0.862848346742445  0.844717143351597  0.825615694502616  0.805579828775686  0.784647077686079  0.762856597125184  0.740249085460028  0.716866698471645  0.692752961319479  0.667952677725479  0.499805778287604  
0.165  0.99932836285403  0.997314804654982  0.993963382089972  0.989280846213052  0.98327662733342  0.975962813908656  0.967354125492594  0.957467879801418  0.946323953975355  0.933944740126988  0.920355095280615  0.905582285820216  0.889655926576499  0.872607914696003  0.854472358447488  0.835285501132653  0.815085640279652  0.793913042308912  0.771809852871239  0.748820003068337  0.724989111775334  0.700364384294013  0.674994507573853  0.648929542245935  0.499793451458792  
0.17  0.999287048192336  0.997149717609773  0.993592579149991  0.988623238906117  0.982252320093852  0.974493437812594  0.965363166703546  0.954881001585481  0.943069311166343  0.92995328494614  0.915560873443509  0.899922721894995  0.883072097592262  0.865044811038344  0.845879131119306  0.825615694502616  0.804297409487746  0.781969354548329  0.758678671818238  0.734474455786471  0.70940763747748  0.683530864404684  0.656898376595231  0.629565878993666  0.499780745555056  
0.175  0.999244501149609  0.996979716862091  0.993210779616592  0.987946229183698  0.98119799112332  0.97298134676136  0.963314894724547  0.952220504135098  0.93972325958894  0.925851398062881  0.910636237917437  0.894112100182878  0.87631622233636  0.857288664797817  0.837072210391414  0.815712257037864  0.79325670396065  0.769755831706214  0.74526217629433  0.719830397830214  0.693517143924334  0.666380908279381  0.638481884816339  0.609881817723143  0.499767660595677  
0.18  0.999200721804582  0.996804803670109  0.992817989846281  0.98724983707807  0.980113689148869  0.971426641340649  0.961209494910516  0.949486701710993  0.936286299108851  0.921639835384468  0.905582285820216  0.888151959712392  0.86939039856647  0.849342265760049  0.828055227981559  0.805579828775686  0.781969354548329  0.757279693404839  0.731569187215049  0.704898477317337  0.677330344291428  0.648929542245935  0.619762628081598  0.589897786204883  0.499754196600511  
0.185  0.999155710238267  0.996624979328345  0.992414216378397  0.986534083194226  0.978999464279746  0.96982942496183  0.959047157763198  0.946679917181816  0.932758943069395  0.917319372835283  0.900400142734954  0.882043878534474  0.862296775873591  0.841208470680394  0.818831900019703  0.795223153785433  0.77044131767397  0.744548307901103  0.71760869814915  0.689689539253509  0.660860172158971  0.631192034695558  0.600758462741467  0.569634486356792  0.499740353589989  
0.19  0.999109466533956  0.996440245167652  0.991999465934993  0.985798988709194  0.977855368004823  0.968189803854305  0.956828078911987  0.943800481981712  0.929141718206158  0.912890806197641  0.895090962430755  0.87578947325674  0.855037554937928  0.832890202137766  0.80940602533765  0.784647077686079  0.758678671818238  0.731569187215049  0.703389868699803  0.674214616697673  0.644119769908556  0.613183881066833  0.581487486482541  0.5491128700772  0.499726131585116  
0.195  0.999061990777221  0.996250602555205  0.991573745420703  0.985044575371346  0.976681453189951  0.966507887057654  0.954552459094245  0.940848736066779  0.925435164559435  0.908354950948553  0.889655926576499  0.86939039856647  0.847614986767268  0.824390447362376  0.799781483721162  0.773856545111545  0.746687613932963  0.71834998216565  0.688922017767185  0.658484921779635  0.627122476940525  0.594920788618014  0.561968018915117  0.528354114809377  0.499711530607474  
0.2  0.999013283055915  0.996056052894491  0.991137061922627  0.984270865499683  0.975477774075249  0.964783786413561  0.952220504135098  0.937825027870394  0.921639835384468  0.903712642092466  0.884096244447728  0.862848346742445  0.840031371918113  0.815712257037864  0.789962234125382  0.762856597125184  0.734474455786471  0.704898477317337  0.674214616697673  0.642511836577573  0.609881817723143  0.576418661003413  0.542218581940224  0.507379598867632  0.499696550679217  
0.205  0.998963343460169  0.995856597625296  0.99068942271019  0.983477881983094  0.974244386272313  0.963017616557553  0.949832424926723  0.93472971425744  0.917756297059491  0.898964733990023  0.878413152626747  0.856165047155801  0.832289059699872  0.80685874407833  0.779952312854455  0.751652368584852  0.722045620242857  0.691222585840768  0.659277282324974  0.626306903863286  0.592411489684862  0.557693582669865  0.522257879918322  0.486210876555386  0.499681191823076  
0.21  0.998912172082392  0.995652238223695  0.990230835235013  0.98266564827961  0.97298134676136  0.961209494910516  0.947388437407133  0.931563160477431  0.913785128991616  0.894112100182878  0.872607914696003  0.849342265760049  0.824390447362376  0.797833082380789  0.769755831706214  0.740249085460027  0.70940763747748  0.677330344291428  0.644119769908556  0.609881817723143  0.574725350961133  0.538761803089444  0.502104779662121  0.46486965310583  0.499665454062358  
0.215  0.998859769017276  0.995442976202039  0.989761307130769  0.981834188415632  0.971688713888304  0.959359541670019  0.944888762538449  0.928325740116528  0.909726923520556  0.889155633214602  0.866681820924824  0.842381804570411  0.816337979267039  0.788638505553567  0.759376976082829  0.728652062102427  0.696567141131049  0.663229907309676  0.628751965974858  0.593248414062737  0.556837408007326  0.519639720844745  0.481778290276135  0.443377759475976  0.499649337420941  
0.22  0.998806134361787  0.995228813108945  0.989280846213052  0.980983526985135  0.970366547361754  0.957467879801418  0.942333626284669  0.92501783504848  0.905582285820216  0.884096244447728  0.860636187949599  0.835285501132653  0.808134146041941  0.779278305621175  0.748820003068337  0.716866698471645  0.683530864404684  0.648929542245935  0.613183881066833  0.576418661003413  0.538761803089444  0.500343867583209  0.461297542865742  0.421757127025102  0.499632841923282  
0.225  0.998751268215174  0.995009750529276  0.98878946047922  0.980113689148869  0.969014908249952  0.95553463502877  0.93972325958894  0.921639835384468  0.901351833798161  0.878934863876955  0.854472358447488  0.828055227981559  0.799781483721162  0.769755831706214  0.738089239473987  0.704898477317337  0.670305636098363  0.634437623714769  0.597425642407404  0.559404649178882  0.520512801664457  0.480890891857086  0.440681770138682  0.400029762108658  0.499615967594409  
0.23  0.998695170678963  0.994785790084138  0.988287158108257  0.979224700633524  0.967633858977634  0.953559935825538  0.937057898350326  0.91819213942188  0.897036197992983  0.873672439938573  0.848191700803741  0.820692892089228  0.791282572868667  0.760074488688857  0.727189079852328  0.692752961319479  0.656898376595231  0.619762628081598  0.581487486482541  0.542218581940224  0.502104779662121  0.461297542865742  0.419950285921985  0.378217720618815  0.499598714459929  
0.235  0.998637841856956  0.994556933430859  0.987773947460617  0.978316587730887  0.966223463322825  0.951543913405087  0.934337783400082  0.914675153592015  0.892636021469584  0.86830993931614  0.841795608772709  0.813200434303357  0.782640037687061  0.750237735844484  0.71612398448102  0.680435790188303  0.643316093794241  0.60491312788592  0.565379751549667  0.524872765477675  0.4835522106803  0.441580654117103  0.399122464617451  0.356343082502889  0.499581082546018  
0.24  0.998579281855237  0.994323182262978  0.98724983707807  0.977389377296975  0.964783786413561  0.949486701710993  0.931563160477431  0.911089292406722  0.888151959712392  0.862848346742445  0.835285501132653  0.805579828775686  0.773856545111546  0.740249085460027  0.704898477317337  0.667952677725479  0.629565878993666  0.589897786204883  0.5491128700772  0.507379598867632  0.46486965310583  0.421757127025102  0.378217720618815  0.334427926290829  0.499563071879433  
0.245  0.998519490782164  0.994084538310233  0.986714835683545  0.976443096751158  0.963314894724547  0.947388437407133  0.928734280204852  0.907434978403986  0.883584680516529  0.857288664797817  0.828662821334418  0.797833082380789  0.764934803889399  0.730112101429635  0.693517143924334  0.655309408848167  0.615654902728016  0.574725350961133  0.532697361121053  0.489751564053401  0.446071737173056  0.401843914460057  0.357255487713782  0.312494303662967  0.499544682487499  
0.25  0.998458468748376  0.993841003338541  0.986168952180967  0.975477774075249  0.961816856073743  0.945249259867589  0.925851398062881  0.903712642092466  0.878934863876955  0.851631913704808  0.821929037144081  0.789962234125382  0.755877563645319  0.719830397830214  0.681984629369713  0.642511836577573  0.601590410560951  0.559404649178882  0.516143822643998  0.472001215768234  0.427173151972226  0.381858004268936  0.336255198494098  0.290564214089124  0.499525914398121  
0.255  0.998396215866788  0.993592579149991  0.985612195655094  0.974493437812594  0.96028973961888  0.943069311166343  0.922914774364417  0.899922721894995  0.874203201875591  0.845879131119306  0.815085640279652  0.781969354548329  0.746687613932963  0.70940763747748  0.670305636098363  0.629565878993666  0.587379718836795  0.543944581192174  0.499462923783807  0.454141171409272  0.408188632419932  0.361816402782488  0.315236263796808  0.268659579570046  0.499506767639776  
0.26  0.99833273225259  0.993339267582824  0.985044575371346  0.973490117067122  0.95873361585391  0.940848736066779  0.919924674228558  0.896065664091041  0.86939039856647  0.840031371918113  0.808134146041941  0.773856545111546  0.737367783273034  0.698847530463105  0.658484921779635  0.616477516157719  0.573030210393265  0.528354114809377  0.482665397076136  0.436184100871024  0.38913294620387  0.341736118326218  0.294218052199791  0.246802219512013  0.499487242241515  
0.265  0.998268018023253  0.99308107051142  0.98446610077564  0.9724678415024  0.957148556605384  0.938587682010985  0.916881367553941  0.892141922758155  0.864497169858904  0.834089707983039  0.801076092939665  0.765625937581976  0.727920938178267  0.68815383267358  0.646527297130377  0.603252787004366  0.558549330238089  0.51264227943793  0.465762030638154  0.418142716347069  0.370020880714149  0.321634144752163  0.273219869594565  0.225013825765235  0.499467338232963  
0.27  0.998202073298523  0.992817989846281  0.983876781494207  0.971426641340648  0.95553463502877  0.936286299108851  0.913785128991616  0.888151959712392  0.859524243398706  0.828055227981559  0.793913042308912  0.757279693404839  0.71834998216565  0.677330344291428  0.634437623714769  0.589897786204883  0.543944581192174  0.496818160173422  0.448763660318927  0.400029762108658  0.35086722997343  0.301527445008402  0.252260938859286  0.203315937856435  0.499447055644321  
0.275  0.99813489820042  0.992550027534017  0.98327662733342  0.970366547361754  0.953891925604689  0.933944740126988  0.910636237917437  0.884096244447728  0.854472358447488  0.821929037144081  0.786646577927048  0.748820003068337  0.708657854756268  0.666380908279381  0.622220811722044  0.576418661003413  0.529223519502014  0.480890891857086  0.431681161822621  0.381858004268936  0.331686781578135  0.281432934763163  0.231360379654675  0.181729918445754  0.499426394506364  
0.28  0.998066492853243  0.992277185557329  0.98266564827961  0.969287590902253  0.952220504135098  0.931563160477431  0.907434978403986  0.879975254074482  0.849342265760049  0.815712257037864  0.779278305621175  0.740249085460028  0.698847530463105  0.655309408848167  0.609881817723143  0.562821608027858  0.514393750424067  0.46486965310583  0.414525442810561  0.363640220541491  0.312494303662967  0.261367466100339  0.210537188365497  0.160276929037778  0.49940535485044  
0.285  0.997996857383567  0.991999465934993  0.982043854498881  0.968189803854305  0.950520447739393  0.929141718206158  0.904181639192026  0.87578947325674  0.844134727459871  0.80940602533765  0.771809852871239  0.731569187215049  0.688922017767185  0.644119769908556  0.597425642407404  0.5491128700772  0.499462923783807  0.448763660318927  0.397307434988245  0.345389190001945  0.29330453190094  0.241347811303105  0.18981021820999  0.138977905976161  0.499383936708471  
0.29  0.997925991920241  0.991716870721842  0.981411256336925  0.967073218664644  0.948791834850455  0.926680573981418  0.900876513661484  0.871539394148801  0.838850516912762  0.803011495593044  0.764242868407889  0.72278258205641  0.678884358082429  0.632815953508307  0.584857328300358  0.535298732887006  0.484438729512204  0.432582161665505  0.380038086183377  0.327117682861287  0.274132156551067  0.221390646742257  0.169198159539448  0.117853536750918  0.499362140112954  
0.295  0.99785389659439  0.991429402008753  0.980767864318826  0.965937868333508  0.94703474521062  0.924179891081859  0.897519899801979  0.867225516330646  0.83349041859865  0.796529836992704  0.756579021805196  0.713891570127546  0.668737624709586  0.621401958254675  0.572181957463751  0.521385521874875  0.469328893162391  0.416334431056988  0.362728352421023  0.308838450259641  0.254991809565829  0.20151253688575  0.148719520349915  0.0969242366470539  0.49933996509696  
0.3  0.997780571539416  0.991137061922627  0.980113689148869  0.964783786413561  0.945249259867589  0.921639835384468  0.894112100182878  0.862848346742445  0.828055227981559  0.789962234125382  0.748820003068338  0.704898477317337  0.658484921779635  0.609881817723143  0.559404649178882  0.507379598867632  0.454141171409272  0.400029762108658  0.345389190001945  0.290564214089124  0.235898051770433  0.181729918445754  0.128392607027684  0.0762101257627277  0.499317411694132  
0.305  0.997706016890993  0.990839852626369  0.979448741710342  0.963611007008783  0.943435461170264  0.919060575352316  0.89065342192291  0.858408399618109  0.822545751377785  0.783309886737877  0.74096752221635  0.695805654577818  0.648129383187029  0.598259598853046  0.546530557614385  0.493287358812036  0.438883347534852  0.383677462094494  0.328031547590229  0.272307656854428  0.216865360125841  0.162059084679434  0.108235505350009  0.0557310064246607  0.499294479938691  
0.31  0.997630232787071  0.990537776318875  0.97877303306533  0.962419564773355  0.941593432764527  0.916442282022122  0.88714417665931  0.853906196417889  0.816962805822301  0.776574009489944  0.733023308860067  0.686615477234772  0.637674171513173  0.586539400330759  0.53356486947957  0.479115226470816  0.423563226902072  0.367286845899465  0.310666358316235  0.254081411579728  0.197908115087417  0.142516169859431  0.088266061762105  0.0355063410279658  0.499271169865426  
0.315  0.997553219367874  0.990230835235013  0.978086574454518  0.961209494910516  0.93972325958894  0.913785128991616  0.883584680516529  0.849342265760049  0.811307218933413  0.769755831706214  0.724989111775335  0.677330344291428  0.627122476940525  0.574725350961134  0.520512801664457  0.46486965310583  0.408188632419932  0.35086722997343  0.29330453190094  0.235898051770433  0.179040588070958  0.123117133929858  0.0685018649511992  0.0155552303270268  0.499247481509705  
0.32  0.9974749767759  0.9899190316456  0.977389377296975  0.959980833171411  0.937825027870394  0.911089292406722  0.879975254074482  0.844717143351597  0.805579828775686  0.762856597125184  0.716866698471645  0.667952677725479  0.616477516157719  0.562821608027858  0.507379598867632  0.450557113150171  0.392767400002698  0.334427926290829  0.275956946807697  0.2177700814383  0.160276929037778  0.103877747363419  0.0489602277380167  -0.00410360779655695  0.499223414907467  
0.325  0.997395505155921  0.98960236785739  0.976681453189951  0.95873361585391  0.935898825119677  0.908354950948553  0.87631622233636  0.840031371918113  0.799781483721162  0.755877563645319  0.708657854756268  0.658484921779635  0.605742531256088  0.55083235564343  0.494170531213073  0.436184100871024  0.377307374025981  0.317978236320304  0.258634442427413  0.199709925198322  0.14163115421034  0.0848135762350034  0.0296581693056919  -0.0234518590635562  0.499198970095225  
0.33  0.997314804654982  0.989280846213052  0.975962813908656  0.957467879801418  0.933944740126988  0.905582285820216  0.872607914696003  0.835285501132653  0.793913042308912  0.748820003068338  0.700364384294013  0.648929542245936  0.594920788618014  0.538761803089444  0.480890891857086  0.421757127025102  0.361816402782488  0.301527445008401  0.241347811303105  0.181729918445754  0.123117133929858  0.0659399675268997  0.0106123977857067  -0.0424716329994934  0.499174147110065  
0.335  0.997232875422403  0.988954469091148  0.975233471406044  0.956183662401666  0.931962862957381  0.902771480733437  0.868850664904831  0.830480087543765  0.787975373102915  0.741685200839712  0.691988108162733  0.63928902574403  0.584015577797483  0.526614183147876  0.467545994586498  0.407282715508487  0.346302333940233  0.285084814781496  0.224107791399795  0.163842297621552  0.104748580667092  0.0472720346804879  -0.00816070677999452  -0.0611454825857714  0.499148945989648  
0.34  0.997149717609773  0.988623238906117  0.974493437812594  0.954881001585481  0.92995328494614  0.899922721894995  0.865044811038344  0.825615694502616  0.781969354548329  0.734474455786471  0.683530864404684  0.629565878993666  0.573030210393265  0.514393750424068  0.454141171409272  0.392767400002698  0.330773010005993  0.268659579570046  0.206925058425616  0.146059190574438  0.0865390371974329  0.0288246434090065  -0.0266451090820044  -0.0794564233362145  0.499123366772206  
0.345  0.997065331370957  0.988287158108257  0.973742725436083  0.953559935825538  0.927916098694097  0.897036197992983  0.861190695462191  0.820692892089228  0.775895874826134  0.727189079852328  0.674994507573853  0.619762628081598  0.561968018915117  0.502104779662121  0.440681770138682  0.378217720618815  0.315236263796808  0.252260938859286  0.18981021820999  0.128392607027684  0.0685018649511992  0.0106123977857069  -0.0448251347733362  -0.0973879517764504  0.499097409496547  
0.35  0.996979716862091  0.987946229183698  0.97298134676136  0.952220504135098  0.925851398062881  0.894112100182878  0.857288664797817  0.815712257037864  0.769755831706214  0.719830397830214  0.666380908279381  0.609881817723143  0.55083235564343  0.489751564053401  0.427173151972226  0.363640220541491  0.299699913922279  0.235898051770433  0.172773799144683  0.110854429158633  0.0506502325498742  -0.00735037337861945  -0.0626854862684663  -0.114924063304322  0.499071074202049  
0.355  0.996892874241582  0.987600454654388  0.972209314450117  0.950862746066727  0.9237592781701  0.891150622073433  0.853339069887678  0.810674372661538  0.763550132398875  0.712399747092268  0.657691952725189  0.599926010518618  0.539626591482718  0.477338413538848  0.413620689066421  0.349041442674667  0.284171760280454  0.219580031176453  0.155826244693478  0.0934564022988527  0.0329971045388507  -0.0250496298550425  -0.0802112580943091  -0.132049269410329  0.499044360928667  
0.36  0.996804803670109  0.98724983707807  0.971426641340648  0.949486701710993  0.921639835384468  0.888151959712392  0.849342265760049  0.805579828775686  0.757279693404839  0.704898477317337  0.648929542245936  0.589897786204883  0.528354114809377  0.46486965310583  0.400029762108658  0.334427926290829  0.268659579570046  0.203315937856435  0.138977905976161  0.0762101257627277  0.0155552303270268  -0.0424716329994937  -0.0973879517764507  -0.148748614237934  0.499017269716927  
0.365  0.996715505310623  0.98689437904826  0.970633340447621  0.948092411695153  0.919493167320854  0.885116311572022  0.845298611593403  0.800429221621  0.750945440363732  0.697327950216047  0.64009559283942  0.579799740902222  0.517018330314124  0.452349621080224  0.386405757887265  0.31980620368562  0.253171120821735  0.187114774692535  0.122239034432445  0.0591270438121519  -0.00166286665659544  -0.0596029584263501  -0.114201490244512  -0.165007690464406  0.498989800607926  
0.37  0.996624979328345  0.986534083194226  0.96982942496183  0.946679917181816  0.917319372835282  0.882043878534473  0.841208470680394  0.795223153785433  0.744548307901103  0.689689539253509  0.631192034695558  0.569634486356792  0.505622657839529  0.439782667414461  0.372754066860953  0.30518279683962  0.237714100951289  0.170985480913494  0.105619774571383  0.0422184367648725  -0.0186448995793878  -0.0764305083399781  -0.130638231741091  -0.180812654483769  0.498961953643338  
0.375  0.996533225890768  0.986168952180967  0.969014908249952  0.945249259867589  0.915118552019859  0.878934863876954  0.837072210391414  0.789962234125382  0.738089239473987  0.681984629369713  0.622220811722044  0.559404649178882  0.494170531213073  0.427173151972226  0.3590800807288  0.290564214089124  0.22229620033721  0.154936926388623  0.0891301568117762  0.0254954122539067  -0.035378828584946  -0.0929415235119588  -0.14668498321932  -0.196150240874314  0.498933728865407  
0.38  0.996440245167652  0.985798988709194  0.968189803854305  0.943800481981712  0.912890806197641  0.87578947325674  0.832890202137766  0.784647077686079  0.731569187215049  0.674214616697673  0.613183881066833  0.5491128700772  0.482665397076136  0.414525442810561  0.345389190001945  0.275956946807697  0.206925058425616  0.138977905976161  0.0727800904189678  0.00896889664530189  -0.0518528709268547  -0.109123594892133  -0.162329013214685  -0.211007776134054  0.498905126316951  
0.385  0.996346037331032  0.9854241955153  0.967354125492594  0.942333626284669  0.910636237917437  0.872607914696003  0.828662821334418  0.779278305621175  0.724989111775335  0.666380908279381  0.604083212637559  0.538761803089445  0.471110713709357  0.401843914460057  0.331686781578135  0.261367466100339  0.191608269365034  0.123117133929858  0.0565793565433681  -0.00735037337861928  -0.0680555108471463  -0.124964674841976  -0.177558064177376  -0.22537319166845  0.49887614604136  
0.39  0.996250602555205  0.985044575371346  0.966507887057654  0.940848736066779  0.908354950948553  0.86939039856647  0.824390447362376  0.773856545111546  0.71834998216565  0.658484921779635  0.594920788618014  0.528354114809377  0.459509949854769  0.38913294620387  0.317978236320304  0.246802219512013  0.17635337767376  0.107363238367567  0.0405376013659479  -0.0234518590635559  -0.0839755091904977  -0.14045308797924  -0.192360364252076  -0.23923503601569  0.498846788082596  
0.395  0.996153941016745  0.984660131085034  0.965651102617199  0.939345855146782  0.906047050275471  0.866137137573909  0.820073463530655  0.768382429283326  0.711652775596604  0.650528085197803  0.585698602981821  0.517892483610653  0.447866583535155  0.376396920356278  0.304268926640332  0.232267627752353  0.161167873942436  0.0917247558056275  0.0246643293558687  -0.0393252276482323  -0.0996019127454634  -0.155577541623232  -0.206724638492752  -0.252582486295775  0.498817052485196  
0.4  0.996056052894491  0.984270865499683  0.964783786413561  0.937825027870394  0.903712642092466  0.862848346742445  0.815712257037864  0.762856597125184  0.704898477317337  0.642511836577573  0.576418661003413  0.507379598867632  0.436184100871024  0.363640220541491  0.290564214089124  0.2177700814383  0.146059190574438  0.0762101257627277  0.00896889664530189  -0.0549603602434531  -0.114924063304322  -0.170327135830491  -0.220640119500681  -0.265405358870689  0.498786939294267  
0.405  0.995956938369549  0.983876781494207  0.963905952863422  0.936286299108851  0.901351833798161  0.859524243398706  0.811307218933413  0.757279693404839  0.698088080452965  0.634437623714769  0.567082978766461  0.496818160173422  0.424465994895668  0.35086722997343  0.276869446954182  0.203315937856435  0.131034697566684  0.0608276854369123  -0.00653949547358361  -0.0703473595187109  -0.129931606433384  -0.184691373011136  -0.23409655747461  -0.277694119203899  0.498756448555488  
0.41  0.995856597625296  0.983477881983094  0.963017616557553  0.93472971425744  0.898964733990023  0.856165047155801  0.80685874407833  0.751652368584852  0.691222585840769  0.626306903863287  0.557693582669865  0.486210876555387  0.412715764368689  0.338082329737201  0.263189957865797  0.188911517746762  0.116101698333406  0.0455856644593328  -0.0218518069246011  -0.0854765571900273  -0.144614499945907  -0.198660167116532  -0.247084229662674  -0.289439890908481  0.498725580315113  
